Ram=0.5;
l=0.25;
b=0.00004;
d=0.000007;
Ix=0.005;
Iy=Ix;
Iz=0.01;
Jr=0.00005;
rot=2500;
Ra=1100;
Kb=12;
Kt=12;
Jeq=0.005;
Nm= 200;Nl=100;
Beq=0.2;

